Name 	Notes
Dhruv	PAM run with PTRMS only
Time Stamp Local	Time Stamp UTC	TC 1 (C)	TC 2 (C)	TC 3 (C)	TC 4 (C)	TC 5 (C)	TC 6 (C)	TC 7 (C)	RHT T1 (C)	RHT T2 (C)	RH 1 (C)	RH 2 (C)	N2 (% RH)	O2 (% RH)	NOx (LPM)	VOC (LPM)	Humidifier (LPM)	PAM Downstream (LPM)	Pressure (Torr)
8/21/2013 11:38:44 AM	8/21/2013 4:38:44 PM	22.238	22.002	21.944	1372.000	1372.000	1372.000	1372.000	30.035	29.867	49.695	44.802	-0.005	-0.000	0.000	0.000	22.806	22.315	898.914
8/21/2013 11:38:46 AM	8/21/2013 4:38:46 PM	22.120	22.002	22.002	1372.000	1372.000	1372.000	1372.000	30.045	29.874	49.745	44.838	-0.004	-0.000	0.000	0.000	22.969	22.969	900.276
8/21/2013 11:38:49 AM	8/21/2013 4:38:49 PM	22.179	22.002	22.061	1372.000	1372.000	1372.000	1372.000	30.051	29.887	49.751	44.796	-0.005	-0.000	0.000	0.000	22.806	22.315	898.914
8/21/2013 11:38:51 AM	8/21/2013 4:38:51 PM	22.238	22.120	22.120	1372.000	1372.000	1372.000	1372.000	30.061	29.916	49.732	44.786	-0.005	-0.000	0.000	0.000	22.806	22.152	899.594
8/21/2013 11:38:54 AM	8/21/2013 4:38:54 PM	22.179	22.179	22.238	1372.000	1372.000	1372.000	1372.000	30.081	29.926	49.722	44.782	-0.005	-0.000	0.000	0.000	23.132	23.132	901.640
8/21/2013 11:38:56 AM	8/21/2013 4:38:56 PM	22.061	22.238	22.179	1372.000	1372.000	1372.000	1372.000	30.064	29.897	49.748	44.822	-0.005	-0.000	0.000	0.000	22.806	22.969	894.163
8/21/2013 11:38:58 AM	8/21/2013 4:38:58 PM	22.179	22.296	22.296	1372.000	1372.000	1372.000	1372.000	30.077	29.906	49.732	44.828	-0.006	-0.000	0.000	0.000	23.296	23.296	895.518
8/21/2013 11:39:00 AM	8/21/2013 4:39:00 PM	22.238	22.355	22.296	1372.000	1372.000	1372.000	1372.000	30.064	29.880	49.689	44.769	-0.005	-0.000	0.000	0.000	23.296	22.642	896.874
8/21/2013 11:39:02 AM	8/21/2013 4:39:02 PM	22.179	22.473	22.414	1372.000	1372.000	1372.000	1372.000	30.061	29.880	49.547	44.789	-0.004	-0.000	0.000	0.000	23.296	23.132	898.233
8/21/2013 11:39:05 AM	8/21/2013 4:39:05 PM	22.238	22.473	22.531	1372.000	1372.000	1372.000	1372.000	30.081	29.906	49.557	44.786	-0.005	-0.000	0.000	0.000	22.479	22.969	899.594
8/21/2013 11:39:07 AM	8/21/2013 4:39:07 PM	22.238	22.590	22.531	1372.000	1372.000	1372.000	1372.000	30.074	29.913	49.580	44.796	-0.005	-0.000	0.000	0.000	22.479	22.806	899.594
8/21/2013 11:39:09 AM	8/21/2013 4:39:09 PM	22.296	22.590	22.590	1372.000	1372.000	1372.000	1372.000	30.094	29.920	49.570	44.832	-0.005	-0.000	0.000	0.000	22.806	23.132	899.594
8/21/2013 11:39:11 AM	8/21/2013 4:39:11 PM	22.355	22.708	22.649	1372.000	1372.000	1372.000	1372.000	30.064	29.893	49.640	44.855	-0.007	-0.000	0.000	0.000	23.785	23.132	909.179
8/21/2013 11:39:13 AM	8/21/2013 4:39:13 PM	22.355	22.767	22.708	1372.000	1372.000	1372.000	1372.000	30.071	29.887	49.679	44.858	-0.003	-0.000	0.000	0.000	22.806	22.806	905.059
8/21/2013 11:39:16 AM	8/21/2013 4:39:16 PM	22.238	22.767	22.767	1372.000	1372.000	1372.000	1372.000	30.077	29.906	49.745	44.861	-0.005	-0.000	0.000	0.000	22.969	22.806	899.594
8/21/2013 11:39:18 AM	8/21/2013 4:39:18 PM	22.355	22.825	22.825	1372.000	1372.000	1372.000	1372.000	30.087	29.913	49.866	44.848	-0.004	-0.000	0.000	0.000	23.132	22.479	900.957
8/21/2013 11:39:20 AM	8/21/2013 4:39:20 PM	22.414	22.884	22.825	1372.000	1372.000	1372.000	1372.000	30.068	29.913	49.899	44.848	-0.005	-0.000	0.000	0.000	22.969	22.315	896.874
8/21/2013 11:39:23 AM	8/21/2013 4:39:23 PM	22.473	23.002	22.943	1372.000	1372.000	1372.000	1372.000	30.097	29.877	49.995	44.865	-0.004	-0.000	0.000	0.000	22.152	22.642	903.690
8/21/2013 11:39:26 AM	8/21/2013 4:39:26 PM	22.414	23.002	23.002	1372.000	1372.000	1372.000	1372.000	30.110	29.916	49.998	44.838	-0.005	-0.000	0.000	0.000	23.296	22.969	898.914
8/21/2013 11:39:28 AM	8/21/2013 4:39:28 PM	22.531	23.119	23.060	1372.000	1372.000	1372.000	1372.000	30.107	29.874	50.005	44.848	-0.005	-0.000	0.000	0.000	22.969	22.969	900.957
8/21/2013 11:39:30 AM	8/21/2013 4:39:30 PM	22.590	23.178	23.060	1372.000	1372.000	1372.000	1372.000	30.100	29.926	50.106	44.874	-0.005	-0.000	0.000	0.000	22.642	22.479	901.640
8/21/2013 11:39:32 AM	8/21/2013 4:39:32 PM	22.590	23.178	23.060	1372.000	1372.000	1372.000	1372.000	30.094	29.923	50.123	44.861	-0.006	-0.000	0.000	0.000	22.806	22.969	898.233
8/21/2013 11:39:34 AM	8/21/2013 4:39:34 PM	22.649	23.178	23.119	1372.000	1372.000	1372.000	1372.000	30.117	29.946	50.136	44.888	-0.005	-0.000	0.000	0.000	22.969	22.479	899.594
8/21/2013 11:39:36 AM	8/21/2013 4:39:36 PM	22.531	23.178	23.119	1372.000	1372.000	1372.000	1372.000	30.123	29.959	50.212	44.927	-0.005	-0.000	0.000	0.000	23.296	22.806	898.914
8/21/2013 11:39:39 AM	8/21/2013 4:39:39 PM	22.649	23.237	23.178	1372.000	1372.000	1372.000	1372.000	30.117	29.943	50.172	44.944	-0.005	-0.000	0.000	0.000	22.806	21.825	900.276
8/21/2013 11:39:41 AM	8/21/2013 4:39:41 PM	22.767	23.296	23.178	1372.000	1372.000	1372.000	1372.000	30.104	29.913	50.139	44.957	-0.006	-0.000	0.000	0.000	23.132	23.132	909.179
8/21/2013 11:39:43 AM	8/21/2013 4:39:43 PM	22.767	23.354	23.178	1372.000	1372.000	1372.000	1372.000	30.117	29.906	50.093	44.947	-0.005	-0.000	0.000	0.000	22.969	22.969	899.594
8/21/2013 11:39:46 AM	8/21/2013 4:39:46 PM	22.649	23.296	23.178	1372.000	1372.000	1372.000	1372.000	30.094	29.883	50.074	44.960	-0.005	-0.000	0.000	0.000	22.969	22.479	902.322
8/21/2013 11:39:48 AM	8/21/2013 4:39:48 PM	22.825	23.354	23.237	1372.000	1372.000	1372.000	1372.000	30.104	29.874	50.037	44.944	-0.004	-0.000	0.000	0.000	22.969	22.479	896.874
8/21/2013 11:39:50 AM	8/21/2013 4:39:50 PM	22.767	23.413	23.296	1372.000	1372.000	1372.000	1372.000	30.117	29.887	50.034	44.953	-0.003	-0.000	0.000	0.000	22.642	23.459	895.518
8/21/2013 11:39:53 AM	8/21/2013 4:39:53 PM	22.884	23.354	23.296	1372.000	1372.000	1372.000	1372.000	30.150	29.910	49.968	44.953	-0.005	-0.000	0.000	0.000	22.479	22.969	896.874
8/21/2013 11:39:55 AM	8/21/2013 4:39:55 PM	22.884	23.413	23.354	1372.000	1372.000	1372.000	1372.000	30.114	29.897	49.939	44.967	-0.004	-0.000	0.000	0.000	22.806	22.642	891.459
